1024
1025
1026
1029
1032
1033
1034
1036
1037
1040
1042
1044
1045
1046
1049
1050
1052
1054
1057
1061
1064
1065
1069
1072
1073
1077
1080
1082
1084
1086
1088
1093
1096
1100
1101
1105
1112
1116
1118
1121
1128
1146
1148
1150
1163
1167
1171
1175
1179
1181
1183
1187
1191
1195
1197
1203
1207
1213
1215
1223
1227
1229
1235
1239
1259
1280
1282
1284
1288
1289
1292
1293
1294
1296
1297
1298
1301
1302
1304
1306
1312
1314
1316
1321
1325
1326
1328
1329
1333
1334
1336
1338
1346
1348
1353
1358
1361
1366
1378
1390
1393
1398
1411
1415
1419
1421
1423
1427
1431
1435
1437
1439
1443
1447
1451
1453
1459
1463
1467
1469
1501
1533
1541
1545
1553
1557
1558
1566
1590
1609
1614
1625
1657
1667
1670
1671
1673
1674
1675
1679
1681
1683
1686
1687
1689
1691
1693
1694
1695
1699
1703
1705
1707
1709
1710
1713
1715
1717
1719
1722
1723
1726
1727
1738
1747
1754
1774
1779
1786
1790
1793
1797
1798
1801
1805
1809
1813
1814
1817
1825
1830
1845
1854
1857
1873
1893
1921
1923
1925
1926
1927
1929
1933
1935
1939
1941
1943
1946
1947
1950
1953
1955
1959
1963
1965
1967
1970
1971
1973
1974
1975
1977
1979
1982
1999
2002
2006
2007
